floor0|0:
0,0,0 0,0,0 0,0,0 0,0,0 0,0,0 0,0,0 0,0,0 0,3,0 0,65539,0 0,65539,0 0,131075,0 0,0,0 0,0,0 0,0,0 0,5,0 0,65541,0 
0,0,0 0,0,0 0,0,0 0,0,0 0,0,0 0,0,0 0,0,0 0,0,0 0,0,0 0,0,0 0,0,0 0,0,0 0,0,0 0,0,0 0,5,0 0,65541,0 
0,0,0 0,0,0 0,0,0 0,0,0 0,0,0 0,0,0 0,0,0 0,0,0 0,0,0 0,0,0 0,0,0 0,0,0 0,0,0 0,0,0 0,5,0 0,65541,0 
0,0,0 0,0,0 0,0,0 0,0,0 0,0,0 0,0,0 0,0,0 0,0,0 0,0,0 0,0,0 0,0,0 0,0,0 0,0,0 0,0,0 0,0,0 0,262148,0 
0,0,0 0,0,0 0,0,0 0,0,0 0,0,0 0,0,0 0,0,0 0,0,0 0,0,0 0,0,0 0,0,0 0,0,0 0,0,0 0,0,0 0,0,0 0,6,0 
0,0,0 0,0,0 0,0,0 0,0,0 0,0,0 0,0,0 0,0,0 0,0,0 0,0,0 0,0,0 0,0,0 0,0,0 0,0,0 0,0,0 0,0,0 0,0,0 
0,0,0 0,0,0 0,0,0 0,0,0 0,0,0 0,0,0 0,0,0 0,0,0 0,0,0 0,0,0 0,0,0 0,0,0 0,0,0 0,0,0 0,0,0 0,0,0 
0,0,0 0,0,0 0,0,0 0,0,0 0,0,0 0,0,0 0,0,0 0,0,0 0,0,0 0,0,0 0,0,0 0,0,0 2,1,0 0,0,0 0,0,0 0,0,0 
0,0,0 0,0,0 0,0,0 0,0,0 0,0,0 0,0,0 0,0,0 0,0,0 0,0,0 0,0,0 0,0,0 0,0,0 0,0,0 0,0,0 0,0,0 0,0,0 
0,0,0 0,0,0 0,65538,0 0,65538,0 0,65538,0 0,65538,0 0,65538,0 0,65538,0 0,65538,0 0,65538,0 0,65538,0 0,65538,0 0,65538,0 0,65538,0 0,65538,0 0,65538,0 
2,65542,0 2,131078,0 0,65538,0 0,65538,0 0,65538,0 0,65538,0 0,65538,0 0,65538,0 0,65538,0 0,65538,0 0,65538,0 0,65538,0 0,65538,0 0,65538,0 0,65538,0 0,65538,0 
0,65538,0 0,65538,0 0,65538,0 0,65538,0 0,65538,0 0,65538,0 0,65538,0 0,65538,0 0,65538,0 0,65538,0 0,65538,0 0,65538,0 0,65538,0 0,65538,0 0,65538,0 0,65538,0 
0,65538,0 0,65538,0 0,65538,0 0,65538,0 0,65538,0 0,65538,0 0,65538,0 0,65538,0 0,65538,0 0,65538,0 0,65538,0 0,65538,0 0,65538,0 0,65538,0 0,65538,0 0,65538,0 
0,65538,0 0,65538,0 0,65538,0 0,65538,0 0,65538,0 0,65538,0 0,65538,0 0,65538,0 0,65538,0 0,65538,0 0,65538,0 0,65538,0 0,65538,0 0,65538,0 0,65538,0 0,65538,0 
0,65538,0 0,65538,0 0,65538,0 0,65538,0 0,65538,0 0,65538,0 0,65538,0 0,65538,0 0,65538,0 0,65538,0 0,65538,0 0,65538,0 0,65538,0 0,65538,0 0,65538,0 0,65538,0 
0,65538,0 0,65538,0 0,65538,0 0,65538,0 0,65538,0 0,65538,0 0,65538,0 0,65538,0 0,65538,0 0,65538,0 0,65538,0 0,65538,0 0,65538,0 0,65538,0 0,65538,0 0,65538,0 
walls1|1:
2,196611,0 2,262147,0 -1 -1 -1 -1 -1 -1 -1 -1 -1 -1 -1 -1 1,196608,0 -1 
2,196611,0 2,262147,0 1,0,0 -1 -1 -1 1,0,0 -1 -1 -1 -1 -1 -1 -1 -1 -1 
2,196611,0 2,262147,0 -1 -1 -1 -1 -1 -1 -1 -1 -1 -1 -1 -1 1,196608,0 -1 
2,196611,0 2,262147,0 -1 -1 -1 -1 -1 -1 -1 -1 -1 -1 -1 -1 -1 -1 
2,196611,0 2,262147,0 -1 -1 -1 -1 -1 -1 -1 -1 -1 -1 -1 -1 -1 -1 
2,196611,0 2,262147,0 2,0,0 2,0,0 2,0,0 2,0,0 2,0,0 2,0,0 2,0,0 2,0,0 2,0,0 2,0,0 2,0,0 2,0,0 2,0,0 2,0,0 
2,196611,0 2,262147,0 2,1,0 2,1,0 2,1,0 2,1,0 2,1,0 2,1,0 2,1,0 2,1,0 2,1,0 2,1,0 2,1,0 2,1,0 2,1,0 2,1,0 
2,65539,0 2,131075,0 2,1,0 2,1,0 2,1,0 2,1,0 2,1,0 2,1,0 2,1,0 2,1,0 2,1,0 2,1,0 2,1,0 2,1,0 2,1,0 2,1,0 
-1 -1 2,393216,0 2,393216,0 2,393216,0 2,393216,0 2,393216,0 2,393216,0 2,393216,0 2,393216,0 2,393216,0 2,393216,0 2,393216,0 2,393216,0 2,393216,0 2,393216,0 
-1 -1 2,3,0 2,3,0 2,3,0 2,3,0 2,3,0 2,3,0 2,3,0 2,3,0 2,3,0 2,3,0 2,3,0 2,3,0 2,3,0 2,3,0 
2,65542,0 2,131078,0 -1 -1 -1 -1 -1 -1 -1 -1 -1 -1 -1 -1 -1 -1 
2,65543,0 2,131079,0 -1 -1 -1 -1 -1 -1 -1 -1 -1 -1 -1 -1 -1 -1 
-1 -1 -1 -1 -1 -1 -1 -1 -1 -1 -1 -1 -1 -1 -1 -1 
-1 -1 -1 -1 -1 -1 -1 -1 -1 -1 -1 -1 -1 -1 -1 -1 
-1 -1 -1 -1 -1 -1 -1 -1 -1 -1 -1 -1 -1 -1 -1 -1 
-1 -1 -1 -1 -1 -1 -1 -1 -1 -1 -1 -1 -1 -1 -1 -1 
walls2|2:
-1 -1 -1 -1 -1 -1 -1 -1 -1 -1 -1 -1 -1 -1 -1 -1 
-1 -1 -1 -1 -1 -1 -1 -1 -1 -1 -1 -1 -1 -1 -1 -1 
-1 -1 -1 -1 -1 -1 -1 -1 -1 -1 -1 -1 -1 -1 -1 -1 
-1 -1 -1 -1 -1 -1 -1 -1 -1 -1 -1 -1 -1 -1 -1 -1 
-1 -1 -1 -1 -1 -1 -1 -1 -1 -1 -1 -1 -1 -1 -1 -1 
-1 -1 -1 -1 -1 -1 -1 -1 -1 -1 -1 -1 -1 -1 -1 -1 
-1 -1 -1 -1 -1 -1 -1 -1 -1 -1 -1 -1 -1 -1 -1 -1 
-1 -1 -1 -1 -1 -1 -1 -1 -1 -1 -1 -1 -1 -1 -1 -1 
-1 -1 -1 -1 -1 -1 -1 -1 -1 -1 -1 -1 -1 -1 -1 -1 
-1 -1 -1 -1 -1 -1 -1 -1 -1 -1 -1 -1 -1 -1 -1 -1 
-1 -1 -1 -1 -1 -1 -1 -1 -1 -1 -1 -1 -1 -1 -1 -1 
-1 -1 -1 -1 -1 -1 -1 -1 -1 -1 -1 -1 -1 -1 -1 -1 
-1 -1 -1 -1 -1 -1 -1 -1 -1 -1 -1 -1 -1 -1 -1 -1 
-1 -1 -1 -1 -1 -1 -1 -1 -1 -1 -1 -1 -1 -1 -1 -1 
-1 -1 -1 -1 -1 -1 -1 -1 -1 -1 -1 -1 -1 -1 -1 -1 
-1 -1 -1 -1 -1 -1 -1 -1 -1 -1 -1 -1 -1 -1 -1 -1 
decorations|3:
-1 -1 -1 -1 -1 -1 -1 -1 -1 -1 -1 -1 -1 -1 -1 -1 
-1 -1 -1 -1 -1 -1 -1 -1 -1 -1 -1 -1 -1 -1 -1 -1 
-1 -1 -1 -1 -1 -1 -1 -1 -1 -1 -1 -1 -1 1,393217,0 -1 -1 
-1 -1 -1 -1 -1 -1 -1 -1 -1 -1 -1 -1 -1 -1 -1 -1 
-1 -1 -1 -1 -1 -1 -1 -1 -1 -1 -1 -1 -1 -1 -1 -1 
-1 -1 -1 -1 -1 -1 -1 -1 -1 1,327680,0 -1 -1 -1 -1 -1 -1 
-1 -1 -1 -1 -1 -1 -1 -1 -1 1,327680,0 -1 -1 -1 -1 -1 -1 
-1 -1 -1 -1 -1 -1 1,327680,0 -1 -1 -1 1,327680,0 -1 -1 -1 -1 -1 
-1 -1 -1 -1 -1 -1 -1 -1 -1 -1 -1 -1 -1 -1 -1 -1 
-1 -1 -1 -1 -1 -1 -1 -1 -1 -1 -1 -1 -1 -1 -1 -1 
-1 -1 -1 -1 -1 -1 -1 -1 -1 -1 -1 -1 -1 -1 -1 -1 
-1 -1 -1 -1 -1 -1 -1 -1 -1 -1 -1 -1 -1 -1 -1 -1 
-1 -1 -1 -1 -1 -1 -1 -1 -1 -1 -1 -1 -1 -1 -1 -1 
-1 -1 -1 -1 -1 -1 -1 -1 -1 -1 -1 -1 -1 -1 -1 -1 
-1 -1 -1 -1 -1 -1 -1 -1 -1 -1 -1 -1 -1 -1 -1 -1 
-1 -1 -1 -1 -1 -1 -1 -1 -1 -1 -1 -1 -1 -1 -1 -1 
overhead1|4:
-1 -1 -1 -1 -1 -1 -1 -1 -1 -1 -1 -1 -1 -1 -1 -1 
-1 -1 -1 -1 -1 -1 -1 -1 -1 -1 -1 -1 -1 -1 1,196609,0 -1 
-1 -1 1,65536,0 -1 -1 -1 1,1,0 -1 -1 -1 -1 -1 -1 -1 -1 -1 
-1 -1 1,65537,0 -1 -1 -1 1,2,0 -1 -1 -1 -1 -1 -1 -1 1,196609,0 -1 
-1 -1 1,65538,0 -1 -1 -1 -1 -1 -1 -1 -1 -1 -1 -1 -1 -1 
-1 -1 -1 -1 -1 -1 -1 -1 -1 -1 -1 -1 -1 -1 -1 -1 
-1 -1 -1 -1 -1 -1 -1 -1 -1 -1 -1 -1 -1 -1 -1 -1 
-1 -1 -1 -1 -1 -1 -1 -1 -1 -1 -1 -1 -1 -1 -1 -1 
2,65540,0 2,131076,0 -1 -1 -1 -1 -1 -1 -1 -1 -1 -1 -1 -1 -1 -1 
2,65541,0 2,131077,0 -1 -1 -1 -1 -1 -1 -1 -1 -1 -1 -1 -1 -1 -1 
-1 -1 -1 -1 -1 -1 -1 -1 -1 -1 -1 -1 -1 -1 -1 -1 
-1 -1 -1 -1 -1 -1 -1 -1 -1 -1 -1 -1 -1 -1 -1 -1 
-1 -1 -1 -1 -1 -1 -1 -1 -1 -1 -1 -1 -1 -1 -1 -1 
-1 -1 -1 -1 -1 -1 -1 -1 -1 -1 -1 -1 -1 -1 -1 -1 
-1 -1 -1 -1 -1 -1 -1 -1 -1 -1 -1 -1 -1 -1 -1 -1 
-1 -1 -1 -1 -1 -1 -1 -1 -1 -1 -1 -1 -1 -1 -1 -1 
overhead2|5:
-1 -1 -1 -1 -1 -1 -1 -1 -1 -1 -1 -1 -1 -1 -1 -1 
-1 -1 -1 -1 -1 -1 -1 -1 -1 -1 -1 -1 -1 -1 -1 -1 
-1 -1 -1 -1 -1 -1 -1 -1 -1 -1 -1 -1 -1 -1 -1 -1 
-1 -1 -1 -1 -1 -1 -1 -1 -1 -1 -1 -1 -1 -1 -1 -1 
-1 -1 -1 -1 -1 -1 -1 -1 -1 -1 -1 -1 -1 -1 -1 -1 
-1 -1 -1 -1 -1 -1 -1 -1 -1 -1 -1 -1 -1 -1 -1 -1 
-1 -1 -1 -1 -1 -1 -1 -1 -1 -1 -1 -1 -1 -1 -1 -1 
-1 -1 -1 -1 -1 -1 -1 -1 -1 -1 -1 -1 -1 -1 -1 -1 
-1 -1 -1 -1 -1 -1 -1 -1 -1 -1 -1 -1 -1 -1 -1 -1 
-1 -1 -1 -1 -1 -1 -1 -1 -1 -1 -1 -1 -1 -1 -1 -1 
-1 -1 -1 -1 -1 -1 -1 -1 -1 -1 -1 -1 -1 -1 -1 -1 
-1 -1 -1 -1 -1 -1 -1 -1 -1 -1 -1 -1 -1 -1 -1 -1 
-1 -1 -1 -1 -1 -1 -1 -1 -1 -1 -1 -1 -1 -1 -1 -1 
-1 -1 -1 -1 -1 -1 -1 -1 -1 -1 -1 -1 -1 -1 -1 -1 
-1 -1 -1 -1 -1 -1 -1 -1 -1 -1 -1 -1 -1 -1 -1 -1 
-1 -1 -1 -1 -1 -1 -1 -1 -1 -1 -1 -1 -1 -1 -1 -1 
collision:
1100000000000010
1110001000000000
1110000000000010
1100000000000000
1100000000000000
1111111111111111
1111111111111111
1111111111111111
0011111111111111
0000000000000000
0000000000000000
0000000000000000
0000000000000000
0000000000000000
0000000000000000
0000000000000000
