floor0|0:
0,65544,0 0,65544,0 0,65544,0 0,65544,0 0,196616,0 0,65543,0 0,65543,0 0,65543,0 0,65543,0 0,65543,0 0,65543,0 0,65543,0 0,65543,0 0,65543,0 0,65543,0 0,65543,0 
0,196618,0 0,65544,0 0,65544,0 0,196618,0 0,65544,0 0,65544,0 0,65544,0 0,65544,0 0,65544,0 0,65544,0 0,65544,0 0,65544,0 0,65544,0 0,65544,0 0,65544,0 0,65544,0 
0,65544,0 0,65544,0 0,196618,0 0,65538,0 0,262154,0 0,65544,0 0,65544,0 0,65544,0 0,65544,0 0,196615,0 0,65545,0 0,65545,0 0,65545,0 0,65545,0 0,65545,0 0,65545,0 
0,262151,0 0,131083,0 0,65538,0 0,196609,0 0,65539,0 0,65545,0 0,65545,0 0,65545,0 0,65545,0 0,131081,0 0,0,0 0,0,0 0,0,0 0,0,0 0,0,0 0,0,0 
0,2,0 0,65538,0 0,65538,0 0,131074,0 0,0,0 0,0,0 0,0,0 0,0,0 0,0,0 0,0,0 0,0,0 0,0,0 0,0,0 0,0,0 0,0,0 0,0,0 
0,2,0 0,65538,0 0,65538,0 0,131074,0 0,0,0 0,0,0 0,0,0 0,0,0 0,0,0 0,0,0 0,0,0 0,0,0 0,0,0 0,0,0 0,0,0 0,0,0 
0,2,0 0,65538,0 0,65538,0 0,0,0 0,0,0 0,0,0 0,0,0 0,0,0 0,0,0 0,0,0 0,0,0 0,0,0 0,0,0 0,0,0 -1 -1 
0,2,0 0,65538,0 0,65538,0 0,0,0 0,0,0 0,0,0 0,0,0 0,0,0 0,0,0 0,0,0 0,0,0 0,0,0 0,0,0 0,0,0 0,0,0 0,0,0 
0,2,0 0,65538,0 0,65538,0 0,0,0 0,0,0 0,0,0 0,0,0 0,0,0 0,0,0 0,0,0 0,0,0 0,0,0 0,0,0 0,0,0 0,0,0 0,0,0 
0,2,0 0,65538,0 0,65538,0 0,131074,0 0,0,0 0,0,0 0,0,0 0,0,0 0,0,0 0,0,0 0,0,0 0,0,0 0,0,0 0,0,0 0,0,0 0,0,0 
0,2,0 0,65538,0 0,65538,0 0,131074,0 0,0,0 0,0,0 0,0,0 0,0,0 0,0,0 0,0,0 0,0,0 0,0,0 0,0,0 0,0,0 0,0,0 0,0,0 
0,2,0 0,65541,0 0,65538,0 0,131074,0 0,0,0 0,0,0 0,0,0 0,0,0 0,0,0 0,0,0 0,0,0 0,0,0 0,0,0 0,0,0 0,0,0 0,0,0 
0,2,0 0,65538,0 0,65541,0 0,131074,0 0,0,0 0,0,0 0,0,0 0,0,0 0,0,0 0,0,0 0,0,0 0,0,0 0,0,0 0,0,0 0,0,0 0,0,0 
0,2,0 0,65538,0 0,65538,0 0,131074,0 0,0,0 0,0,0 0,0,0 0,0,0 0,0,0 0,0,0 0,0,0 0,0,0 0,0,0 0,0,0 0,0,0 0,0,0 
0,262149,0 0,65538,0 0,65541,0 0,196613,0 0,131076,0 0,0,0 0,0,0 0,0,0 0,0,0 0,0,0 0,0,0 0,0,0 0,0,0 0,0,0 0,0,0 0,0,0 
0,65541,0 0,65541,0 0,65538,0 0,65541,0 0,131077,0 0,0,0 0,0,0 0,0,0 0,0,0 0,0,0 0,0,0 0,0,0 0,0,0 0,0,0 0,0,0 0,0,0 
walls1|1:
-1 -1 -1 -1 -1 -1 -1 -1 -1 -1 -1 -1 -1 -1 -1 -1 
-1 -1 -1 -1 -1 -1 -1 -1 -1 -1 -1 -1 -1 -1 -1 -1 
-1 -1 -1 -1 -1 -1 -1 -1 -1 -1 -1 -1 -1 -1 1,0,0 -1 
-1 -1 -1 -1 -1 -1 -1 -1 -1 -1 1,0,0 -1 1,0,0 1,0,0 -1 -1 
-1 -1 -1 -1 -1 -1 -1 -1 -1 -1 -1 1,0,0 -1 -1 -1 -1 
2,131072,0 -1 -1 2,65536,0 2,131072,0 -1 -1 -1 -1 -1 -1 -1 -1 -1 -1 -1 
2,131073,0 -1 -1 2,65537,0 2,131073,0 2,0,0 2,0,0 2,0,0 2,0,0 2,0,0 2,0,0 2,0,0 2,0,0 2,0,0 2,0,0 2,0,0 
2,131074,0 -1 -1 2,65538,0 2,131074,0 2,1,0 2,1,0 2,1,0 2,1,0 2,1,0 2,1,0 2,1,0 2,1,0 2,1,0 2,1,0 2,1,0 
2,131075,0 -1 -1 2,65539,0 2,131075,0 2,2,0 2,2,0 2,2,0 2,2,0 2,2,0 2,2,0 2,2,0 2,2,0 2,2,0 2,196608,0 2,262144,0 
2,131076,0 -1 -1 2,65540,0 2,131076,0 2,3,0 2,3,0 2,3,0 2,3,0 2,3,0 2,3,0 2,3,0 2,3,0 2,3,0 2,196609,0 2,262145,0 
2,131077,0 -1 -1 2,65541,0 2,131077,0 -1 -1 -1 -1 -1 -1 -1 -1 -1 2,196610,0 2,262147,0 
-1 -1 -1 -1 -1 -1 -1 -1 -1 -1 -1 -1 -1 -1 2,196611,0 2,262147,0 
-1 -1 -1 -1 -1 -1 -1 -1 -1 -1 -1 -1 1,0,0 -1 2,196611,0 2,262147,0 
-1 -1 -1 -1 -1 -1 -1 -1 -1 -1 -1 -1 -1 -1 2,196611,0 2,262147,0 
-1 -1 -1 -1 -1 -1 -1 -1 -1 -1 -1 -1 -1 -1 2,196611,0 2,262147,0 
-1 -1 -1 -1 1,196608,0 -1 -1 -1 -1 -1 -1 -1 -1 -1 2,196611,0 2,262147,0 
walls2|2:
-1 -1 -1 -1 -1 -1 -1 -1 -1 -1 -1 -1 -1 -1 -1 -1 
-1 -1 -1 -1 -1 -1 -1 -1 -1 -1 -1 -1 -1 -1 -1 -1 
-1 -1 -1 -1 -1 -1 -1 -1 -1 -1 -1 -1 -1 -1 -1 -1 
-1 -1 -1 -1 -1 -1 -1 -1 -1 -1 -1 -1 -1 -1 -1 -1 
-1 -1 -1 -1 -1 -1 -1 -1 -1 -1 -1 -1 -1 -1 -1 -1 
-1 -1 -1 -1 -1 -1 -1 -1 -1 -1 -1 -1 -1 -1 -1 -1 
-1 -1 -1 -1 -1 -1 -1 -1 -1 -1 -1 -1 -1 -1 -1 -1 
-1 -1 -1 -1 -1 -1 -1 -1 -1 -1 -1 -1 -1 -1 -1 -1 
-1 -1 -1 -1 -1 -1 -1 -1 -1 -1 -1 -1 -1 -1 -1 -1 
-1 -1 -1 -1 -1 -1 -1 -1 -1 -1 -1 -1 -1 -1 -1 -1 
-1 -1 -1 -1 -1 -1 -1 -1 -1 -1 -1 -1 -1 -1 -1 -1 
-1 -1 -1 -1 -1 -1 -1 -1 -1 -1 -1 -1 -1 -1 -1 -1 
-1 -1 -1 -1 -1 -1 -1 -1 -1 -1 -1 -1 -1 -1 -1 -1 
-1 -1 -1 -1 -1 -1 -1 -1 -1 -1 -1 -1 -1 -1 -1 -1 
-1 -1 -1 -1 -1 -1 -1 -1 -1 -1 -1 -1 -1 -1 -1 -1 
-1 -1 -1 -1 -1 -1 -1 -1 -1 -1 -1 -1 -1 -1 -1 -1 
decorations|3:
-1 -1 -1 -1 -1 -1 1,393217,0 -1 -1 -1 -1 -1 -1 -1 -1 -1 
-1 -1 -1 -1 -1 -1 -1 -1 -1 -1 -1 -1 -1 -1 -1 -1 
-1 -1 -1 -1 -1 -1 -1 -1 -1 -1 -1 -1 -1 -1 -1 -1 
-1 -1 -1 -1 -1 -1 -1 -1 -1 -1 -1 -1 -1 -1 -1 -1 
-1 -1 -1 -1 1,262144,0 -1 1,393218,0 3,0,0 -1 -1 -1 -1 -1 -1 -1 -1 
-1 -1 -1 -1 -1 -1 -1 -1 3,0,0 -1 -1 -1 -1 -1 -1 -1 
-1 -1 -1 -1 -1 -1 -1 -1 3,0,0 -1 -1 -1 -1 -1 -1 -1 
-1 -1 -1 -1 -1 -1 -1 -1 3,1,0 -1 -1 1,327680,0 -1 -1 -1 -1 
-1 -1 -1 -1 -1 -1 -1 -1 -1 -1 -1 -1 -1 -1 -1 -1 
-1 -1 -1 -1 -1 -1 -1 -1 -1 -1 -1 -1 -1 -1 -1 -1 
-1 -1 -1 -1 -1 -1 -1 -1 -1 -1 -1 -1 -1 -1 -1 -1 
-1 -1 -1 -1 -1 -1 -1 -1 -1 -1 -1 -1 -1 -1 -1 -1 
-1 -1 -1 -1 -1 -1 -1 -1 -1 -1 -1 -1 -1 -1 -1 -1 
-1 -1 -1 -1 -1 -1 -1 -1 -1 -1 -1 -1 -1 -1 -1 -1 
-1 -1 -1 1,393217,0 -1 -1 -1 -1 -1 -1 -1 -1 -1 -1 -1 -1 
-1 -1 -1 -1 -1 -1 -1 -1 -1 -1 -1 -1 -1 -1 -1 -1 
overhead1|4:
-1 -1 -1 -1 -1 -1 -1 -1 -1 -1 -1 -1 -1 -1 -1 -1 
-1 -1 -1 -1 -1 -1 -1 -1 -1 -1 -1 -1 -1 -1 -1 -1 
-1 -1 -1 -1 -1 -1 -1 -1 -1 -1 -1 -1 -1 -1 -1 -1 
-1 -1 -1 -1 -1 -1 -1 -1 -1 -1 -1 -1 -1 -1 1,1,0 -1 
-1 -1 -1 -1 -1 -1 -1 -1 -1 -1 1,1,0 -1 1,1,0 1,1,0 1,2,0 -1 
-1 -1 -1 -1 -1 -1 -1 3,1,0 -1 -1 1,65537,0 1,1,0 1,131072,0 1,2,0 -1 -1 
-1 -1 -1 -1 -1 -1 -1 -1 -1 -1 1,65538,0 1,2,0 1,131073,0 -1 -1 -1 
-1 -1 -1 -1 -1 -1 -1 -1 -1 -1 -1 -1 1,131074,0 -1 -1 -1 
-1 -1 -1 -1 -1 -1 -1 -1 -1 -1 -1 -1 -1 -1 -1 -1 
-1 -1 -1 -1 -1 -1 -1 -1 -1 -1 -1 -1 -1 -1 -1 -1 
-1 -1 -1 -1 -1 2,4,0 2,4,0 2,4,0 2,4,0 2,4,0 2,4,0 2,4,0 2,4,0 2,4,0 -1 -1 
2,131078,0 -1 -1 2,65542,0 2,131078,0 -1 -1 -1 -1 -1 -1 -1 -1 -1 -1 -1 
2,131079,0 -1 -1 2,65543,0 2,131079,0 -1 -1 -1 -1 -1 -1 -1 -1 -1 -1 -1 
-1 -1 -1 -1 -1 -1 -1 -1 -1 -1 -1 -1 1,1,0 -1 -1 -1 
-1 -1 -1 -1 -1 -1 -1 -1 -1 -1 -1 -1 1,2,0 -1 -1 -1 
-1 -1 -1 -1 -1 -1 -1 -1 -1 -1 -1 -1 -1 -1 -1 -1 
overhead2|5:
-1 -1 -1 -1 -1 -1 -1 -1 -1 -1 -1 -1 -1 -1 -1 -1 
-1 -1 -1 -1 -1 -1 -1 -1 -1 -1 -1 -1 -1 -1 -1 -1 
-1 -1 -1 -1 -1 -1 -1 -1 -1 -1 -1 -1 -1 -1 -1 -1 
-1 -1 -1 -1 -1 -1 -1 -1 -1 -1 -1 -1 -1 -1 -1 -1 
-1 -1 -1 -1 -1 -1 -1 -1 -1 -1 -1 -1 -1 -1 -1 -1 
-1 -1 -1 -1 -1 -1 -1 -1 -1 -1 -1 -1 -1 -1 -1 -1 
-1 -1 -1 -1 -1 -1 -1 -1 -1 -1 -1 -1 -1 -1 -1 -1 
-1 -1 -1 -1 -1 -1 -1 -1 -1 -1 -1 -1 -1 -1 -1 -1 
-1 -1 -1 -1 -1 -1 -1 -1 -1 -1 -1 -1 -1 -1 -1 -1 
-1 -1 -1 -1 -1 -1 -1 -1 -1 -1 -1 -1 -1 -1 -1 -1 
-1 -1 -1 -1 -1 -1 -1 -1 -1 -1 -1 -1 -1 -1 -1 -1 
-1 -1 -1 -1 -1 -1 -1 -1 -1 -1 -1 -1 -1 -1 -1 -1 
-1 -1 -1 -1 -1 -1 -1 -1 -1 -1 -1 -1 -1 -1 -1 -1 
-1 -1 -1 -1 -1 -1 -1 -1 -1 -1 -1 -1 -1 -1 -1 -1 
-1 -1 -1 -1 -1 -1 -1 -1 -1 -1 -1 -1 -1 -1 -1 -1 
-1 -1 -1 -1 -1 -1 -1 -1 -1 -1 -1 -1 -1 -1 -1 -1 
collision:
0000000000000000
0000000000000000
0000000000000010
0000000000101100
0000000100110000
1001100010001000
1001111111111111
1001111111111111
1001111111111111
1001111111111111
1001100000000011
0000000000000011
0000000000001011
0000000000000011
0000000000000011
0000100000000011
