floor0|0:
0,65538,0 0,65541,0 0,65541,0 0,65541,0 0,131077,0 0,0,0 0,0,0 0,0,0 0,0,0 0,65540,0 0,0,0 0,0,0 0,0,0 0,0,0 0,0,0 0,0,0 
0,65541,0 0,65541,0 0,65541,0 0,65541,0 0,131077,0 0,0,0 0,65540,0 0,65540,0 0,262149,0 0,65541,0 0,196613,0 0,65540,0 0,65540,0 0,65540,0 0,0,0 0,0,0 
0,65541,0 0,65541,0 0,65541,0 0,65541,0 0,131077,0 0,0,0 0,0,0 0,4,0 0,262149,0 0,65541,0 0,131077,0 0,0,0 0,0,0 0,0,0 0,0,0 0,0,0 
0,65541,0 0,65541,0 0,65541,0 0,196612,0 0,131078,0 0,0,0 0,0,0 0,5,0 0,65541,0 0,65541,0 0,131077,0 0,0,0 0,0,0 0,0,0 0,0,0 0,0,0 
0,262148,0 0,65541,0 0,65541,0 0,131077,0 0,0,0 0,0,0 0,0,0 0,6,0 0,65542,0 0,65542,0 0,131078,0 0,0,0 0,0,0 0,0,0 0,0,0 0,0,0 
0,0,0 0,65541,0 0,65541,0 0,0,0 0,0,0 0,0,0 0,0,0 0,0,0 0,0,0 0,0,0 0,0,0 0,0,0 0,0,0 0,0,0 0,0,0 0,0,0 
0,0,0 0,0,0 0,0,0 0,0,0 0,0,0 0,0,0 0,0,0 0,0,0 0,0,0 0,0,0 0,0,0 0,0,0 0,0,0 0,0,0 0,0,0 0,0,0 
0,0,0 -1 -1 0,0,0 0,0,0 0,0,0 0,0,0 0,0,0 0,0,0 0,0,0 0,0,0 0,0,0 0,0,0 0,0,0 0,0,0 0,0,0 
0,0,0 0,0,0 0,0,0 0,0,0 0,0,0 0,0,0 0,0,0 0,0,0 0,0,0 0,0,0 0,0,0 0,0,0 0,0,0 0,0,0 0,0,0 0,0,0 
0,65538,0 0,65538,0 0,65538,0 0,65538,0 0,65538,0 0,65538,0 0,65538,0 0,65538,0 0,65538,0 0,65538,0 0,65538,0 0,65538,0 0,65538,0 0,65538,0 0,65538,0 0,65538,0 
0,65538,0 0,65538,0 0,65538,0 0,65538,0 0,65538,0 0,65538,0 0,65538,0 0,65538,0 0,65538,0 0,65538,0 0,65538,0 0,65538,0 0,65538,0 0,65538,0 0,65538,0 0,65538,0 
0,65538,0 0,65538,0 0,65538,0 0,65538,0 0,65538,0 0,65538,0 0,65538,0 0,65538,0 0,65538,0 0,65538,0 0,65538,0 0,65538,0 0,65538,0 0,65538,0 0,65538,0 0,65538,0 
0,65538,0 0,65538,0 0,65538,0 0,65538,0 0,65538,0 0,65538,0 0,65538,0 0,65538,0 0,65538,0 0,65538,0 0,65538,0 0,65538,0 0,65538,0 0,65538,0 0,65538,0 0,65538,0 
0,65538,0 0,65538,0 0,65538,0 0,65538,0 0,65538,0 0,65538,0 0,65538,0 0,65538,0 0,65538,0 0,65538,0 0,65538,0 0,65538,0 0,65538,0 0,65538,0 0,65538,0 0,65538,0 
0,65538,0 0,65538,0 0,65538,0 0,65538,0 0,65538,0 0,65538,0 0,65538,0 0,65538,0 0,65538,0 0,65538,0 0,65538,0 0,65538,0 0,65538,0 0,65538,0 0,65538,0 0,65538,0 
0,65538,0 0,65538,0 0,65538,0 0,65538,0 0,65538,0 0,65538,0 0,65538,0 0,65538,0 0,65538,0 0,65538,0 0,65538,0 0,65538,0 0,65538,0 0,65538,0 0,65538,0 0,65538,0 
walls1|1:
-1 -1 -1 -1 1,196608,0 -1 -1 -1 -1 -1 -1 -1 -1 -1 2,196611,0 2,262147,0 
-1 -1 -1 -1 1,196608,0 -1 -1 -1 -1 -1 -1 -1 -1 -1 2,196611,0 2,262147,0 
-1 -1 -1 -1 -1 -1 0,327680,0 0,393216,0 0,393216,0 -1 0,393216,0 0,393216,0 0,393216,0 0,393216,0 2,196611,0 2,262147,0 
-1 -1 -1 -1 -1 -1 0,327681,0 -1 -1 -1 -1 -1 -1 -1 2,196611,0 2,262147,0 
-1 -1 -1 -1 -1 -1 0,327681,0 -1 -1 -1 -1 -1 -1 -1 2,196611,0 2,262147,0 
2,0,0 2,458752,0 2,524288,0 2,0,0 2,0,0 2,0,0 2,0,0 2,0,0 2,0,0 2,0,0 2,0,0 2,0,0 2,0,0 2,0,0 2,196611,0 2,262147,0 
2,1,0 2,458753,0 2,524289,0 2,1,0 2,1,0 2,1,0 2,1,0 2,1,0 2,1,0 2,1,0 2,1,0 2,1,0 2,1,0 2,1,0 2,196611,0 2,262147,0 
2,1,0 2,458754,0 2,524290,0 2,1,0 2,1,0 2,1,0 2,1,0 2,1,0 2,1,0 2,1,0 2,1,0 2,1,0 2,1,0 2,1,0 2,196611,0 2,262147,0 
2,393216,0 2,458755,0 2,524291,0 2,393216,0 2,393216,0 2,393216,0 2,393216,0 2,393216,0 2,393216,0 2,393216,0 2,393216,0 2,393216,0 2,393216,0 2,393216,0 2,196611,0 2,262147,0 
2,3,0 2,3,0 2,3,0 2,3,0 2,3,0 2,3,0 2,3,0 2,3,0 2,3,0 2,3,0 2,3,0 2,3,0 2,3,0 2,3,0 -1 -1 
-1 -1 -1 -1 -1 -1 -1 -1 -1 -1 -1 -1 -1 -1 -1 -1 
-1 -1 -1 -1 -1 -1 -1 -1 -1 -1 -1 -1 -1 -1 -1 -1 
-1 -1 -1 -1 -1 -1 -1 -1 -1 -1 -1 -1 -1 -1 -1 -1 
-1 -1 -1 -1 -1 -1 -1 -1 -1 -1 -1 -1 -1 -1 -1 -1 
-1 -1 -1 -1 -1 -1 -1 -1 -1 -1 -1 -1 -1 -1 -1 -1 
-1 -1 -1 -1 -1 -1 -1 -1 -1 -1 -1 -1 -1 -1 -1 -1 
walls2|2:
-1 -1 -1 -1 -1 -1 -1 -1 -1 -1 -1 -1 -1 -1 -1 -1 
-1 -1 -1 -1 -1 -1 -1 -1 -1 -1 -1 -1 -1 -1 -1 -1 
-1 -1 -1 -1 -1 -1 -1 -1 -1 -1 -1 -1 -1 -1 -1 -1 
-1 -1 -1 -1 -1 -1 -1 -1 -1 -1 -1 -1 1,0,0 -1 -1 -1 
-1 -1 -1 -1 -1 -1 -1 -1 -1 -1 -1 -1 -1 1,0,0 -1 -1 
-1 -1 -1 -1 -1 -1 0,327681,0 -1 1,327680,0 -1 -1 -1 -1 -1 -1 -1 
-1 -1 -1 -1 -1 -1 -1 1,327680,0 1,327680,0 1,327680,0 -1 1,327680,0 -1 -1 -1 -1 
-1 -1 -1 -1 -1 -1 -1 1,327680,0 1,327680,0 -1 -1 1,327680,0 -1 -1 -1 -1 
-1 -1 -1 -1 -1 -1 -1 -1 -1 -1 -1 -1 -1 -1 -1 -1 
-1 -1 -1 -1 -1 -1 -1 -1 -1 -1 -1 -1 -1 -1 -1 -1 
-1 -1 -1 -1 -1 -1 -1 -1 -1 -1 -1 -1 -1 -1 -1 -1 
-1 -1 -1 -1 -1 -1 -1 -1 -1 -1 -1 -1 -1 -1 -1 -1 
-1 -1 -1 -1 -1 -1 -1 -1 -1 -1 -1 -1 -1 -1 -1 -1 
-1 -1 -1 -1 -1 -1 -1 -1 -1 -1 -1 -1 -1 -1 -1 -1 
-1 -1 -1 -1 -1 -1 -1 -1 -1 -1 -1 -1 -1 -1 -1 -1 
-1 -1 -1 -1 -1 -1 -1 -1 -1 -1 -1 -1 -1 -1 -1 -1 
decorations|3:
-1 -1 -1 -1 -1 -1 -1 -1 -1 -1 -1 -1 -1 -1 -1 -1 
-1 -1 -1 -1 -1 -1 -1 -1 -1 -1 -1 -1 -1 -1 -1 -1 
-1 -1 -1 -1 -1 -1 -1 -1 -1 -1 -1 -1 -1 -1 -1 -1 
-1 -1 -1 -1 1,262146,0 1,262144,0 1,262145,0 1,262145,0 -1 -1 -1 1,262146,0 -1 -1 -1 -1 
-1 -1 -1 -1 1,262144,0 1,262144,0 1,262145,0 1,262145,0 -1 -1 -1 1,262145,0 -1 -1 -1 -1 
-1 -1 -1 -1 -1 -1 -1 -1 -1 -1 -1 -1 -1 -1 -1 -1 
-1 -1 -1 -1 -1 -1 -1 -1 -1 -1 -1 -1 -1 -1 -1 -1 
-1 -1 -1 -1 -1 -1 -1 -1 -1 -1 -1 -1 -1 -1 -1 -1 
-1 -1 -1 -1 -1 -1 -1 -1 -1 -1 -1 -1 -1 -1 -1 -1 
-1 -1 -1 -1 -1 -1 -1 -1 -1 -1 -1 -1 -1 -1 -1 -1 
-1 -1 -1 -1 -1 -1 -1 -1 -1 -1 -1 -1 -1 -1 -1 -1 
-1 -1 -1 -1 -1 -1 -1 -1 -1 -1 -1 -1 -1 -1 -1 -1 
-1 -1 -1 -1 -1 -1 -1 -1 -1 -1 -1 -1 -1 -1 -1 -1 
-1 -1 -1 -1 -1 -1 -1 -1 -1 -1 -1 -1 -1 -1 -1 -1 
-1 -1 -1 -1 -1 -1 -1 -1 -1 -1 -1 -1 -1 -1 -1 -1 
-1 -1 -1 -1 -1 -1 -1 -1 -1 -1 -1 -1 -1 -1 -1 -1 
overhead1|4:
-1 -1 -1 -1 1,196609,0 -1 -1 -1 -1 -1 -1 -1 -1 -1 -1 -1 
-1 -1 -1 -1 1,196609,0 -1 -1 -1 -1 -1 -1 -1 -1 -1 -1 -1 
-1 -1 -1 -1 1,196609,0 -1 -1 -1 -1 -1 -1 -1 -1 -1 -1 -1 
-1 -1 -1 -1 -1 -1 -1 -1 -1 -1 -1 -1 -1 -1 -1 -1 
-1 -1 -1 -1 -1 -1 -1 -1 -1 -1 -1 -1 1,1,0 -1 -1 -1 
-1 -1 -1 -1 -1 -1 -1 -1 -1 -1 -1 -1 1,2,0 1,1,0 -1 -1 
-1 -1 -1 -1 -1 -1 -1 -1 -1 -1 -1 -1 -1 1,2,0 -1 -1 
-1 -1 -1 -1 -1 -1 -1 -1 -1 -1 -1 -1 -1 -1 -1 -1 
-1 -1 -1 -1 -1 -1 -1 -1 -1 -1 -1 -1 -1 -1 -1 -1 
-1 -1 -1 -1 -1 -1 -1 -1 -1 -1 -1 -1 -1 -1 -1 -1 
-1 -1 -1 -1 -1 -1 -1 -1 -1 -1 -1 -1 -1 -1 -1 -1 
-1 -1 -1 -1 -1 -1 -1 -1 -1 -1 -1 -1 -1 -1 -1 -1 
-1 -1 -1 -1 -1 -1 -1 -1 -1 -1 -1 -1 -1 -1 -1 -1 
-1 -1 -1 -1 -1 -1 -1 -1 -1 -1 -1 -1 -1 -1 -1 -1 
-1 -1 -1 -1 -1 -1 -1 -1 -1 -1 -1 -1 -1 -1 -1 -1 
-1 -1 -1 -1 -1 -1 -1 -1 -1 -1 -1 -1 -1 -1 -1 -1 
overhead2|5:
-1 -1 -1 -1 -1 -1 -1 -1 -1 -1 -1 -1 -1 -1 -1 -1 
-1 -1 -1 -1 -1 -1 -1 -1 -1 -1 -1 -1 -1 -1 -1 -1 
-1 -1 -1 -1 -1 -1 -1 -1 -1 -1 -1 -1 -1 -1 -1 -1 
-1 -1 -1 -1 -1 -1 -1 -1 -1 -1 -1 -1 -1 -1 -1 -1 
-1 -1 -1 -1 -1 -1 -1 -1 -1 -1 -1 -1 -1 -1 -1 -1 
-1 -1 -1 -1 -1 -1 -1 -1 -1 -1 -1 -1 -1 -1 -1 -1 
-1 -1 -1 -1 -1 -1 -1 -1 -1 -1 -1 -1 -1 -1 -1 -1 
-1 -1 -1 -1 -1 -1 -1 -1 -1 -1 -1 -1 -1 -1 -1 -1 
-1 -1 -1 -1 -1 -1 -1 -1 -1 -1 -1 -1 -1 -1 -1 -1 
-1 -1 -1 -1 -1 -1 -1 -1 -1 -1 -1 -1 -1 -1 -1 -1 
-1 -1 -1 -1 -1 -1 -1 -1 -1 -1 -1 -1 -1 -1 -1 -1 
-1 -1 -1 -1 -1 -1 -1 -1 -1 -1 -1 -1 -1 -1 -1 -1 
-1 -1 -1 -1 -1 -1 -1 -1 -1 -1 -1 -1 -1 -1 -1 -1 
-1 -1 -1 -1 -1 -1 -1 -1 -1 -1 -1 -1 -1 -1 -1 -1 
-1 -1 -1 -1 -1 -1 -1 -1 -1 -1 -1 -1 -1 -1 -1 -1 
-1 -1 -1 -1 -1 -1 -1 -1 -1 -1 -1 -1 -1 -1 -1 -1 
collision:
0000100000000011
0000100000000011
0000001110111111
0000001000001011
0000001000000111
1001111111111111
1111111111111111
1111111111111111
1111111111111111
0000000000000000
0000000000000000
0000000000000000
0000000000000000
0000000000000000
0000000000000000
0000000000000000
